
------- select.c -------
*** /tmp/da08120	Thu Mar 30 13:37:12 1995
--- select.c	Thu Mar 30 13:28:07 1995
***************
*** 109,130 ****
  /* Handmade table of delimiter CG characters. */
  static unsigned char nonwhite[256] = {
  /*      0  1  2  3  4  5  6  7  8  9  a  b  c  d  e  f */
! /*00*/	1, 1, 1, 1, 1, 1, 1, 1, 1, 1, 1, 1, 1, 1, 1, 1,
! /*10*/	1, 1, 1, 1, 1, 1, 1, 1, 1, 1, 1, 1, 1, 1, 1, 1,
! /*20*/	0, 0, 0, 0, 0, 0, 0, 0, 0, 0, 0, 1, 1, 1, 1, 0,
! /*30*/	1, 1, 1, 1, 1, 1, 1, 1, 1, 1, 1, 1, 1, 1, 1, 1,
! /*40*/	0, 0, 0, 0, 0, 0, 0, 0, 0, 0, 0, 1, 1, 1, 0, 0,
! /*50*/	0, 0, 0, 0, 0, 0, 0, 0, 0, 0, 0, 1, 0, 0, 0, 0,
! /*60*/	0, 0, 0, 0, 0, 0, 0, 1, 1, 1, 1, 1, 1, 1, 1, 1,
  /*70*/	0, 0, 0, 0, 0, 0, 0, 0, 0, 0, 0, 0, 0, 0, 0, 0,
  /*80*/	0, 0, 0, 0, 0, 0, 0, 0, 0, 0, 0, 0, 0, 0, 0, 0,
! /*90*/	0, 0, 0, 0, 0, 0, 0, 0, 0, 0, 0, 0, 0, 1, 1, 1,
  /*a0*/	0, 0, 0, 0, 0, 0, 0, 0, 0, 0, 0, 0, 0, 0, 0, 0,
! /*b0*/	0, 0, 0, 0, 0, 0, 0, 0, 0, 0, 0, 0, 0, 0, 1, 1,
  /*c0*/	1, 1, 1, 1, 1, 1, 1, 1, 1, 1, 1, 1, 1, 1, 1, 1,
! /*d0*/	1, 1, 1, 1, 1, 1, 1, 0, 1, 0, 1, 1, 1, 1, 1, 1,
  /*e0*/	1, 1, 1, 1, 1, 1, 1, 1, 1, 1, 1, 1, 1, 1, 1, 1,
! /*f0*/	1, 1, 1, 1, 1, 1, 0, 1, 1, 0, 1, 1, 1, 1, 1, 1,
  };
  static void
  select_word(baddr, t)
--- 109,130 ----
  /* Handmade table of delimiter CG characters. */
  static unsigned char nonwhite[256] = {
  /*      0  1  2  3  4  5  6  7  8  9  a  b  c  d  e  f */
! /*00*/	1, 1, 1, 1, 1, 1, 1, 0, 0, 0, 0, 0, 0, 0, 0, 0,
! /*10*/	1, 0, 0, 0, 0, 0, 0, 0, 0, 0, 0, 0, 0, 0, 0, 0,
! /*20*/	0, 0, 0, 0, 0, 0, 0, 0, 0, 0, 0, 0, 0, 0, 0, 0,
! /*30*/	0, 0, 0, 0, 0, 0, 0, 0, 0, 0, 0, 0, 0, 0, 0, 0,
! /*40*/	0, 0, 0, 0, 0, 0, 0, 0, 0, 0, 0, 0, 0, 0, 0, 0,
! /*50*/	0, 0, 0, 0, 0, 0, 0, 0, 0, 0, 0, 0, 0, 0, 0, 0,
! /*60*/	0, 0, 0, 0, 0, 0, 0, 0, 0, 0, 0, 0, 0, 0, 0, 0,
  /*70*/	0, 0, 0, 0, 0, 0, 0, 0, 0, 0, 0, 0, 0, 0, 0, 0,
  /*80*/	0, 0, 0, 0, 0, 0, 0, 0, 0, 0, 0, 0, 0, 0, 0, 0,
! /*90*/	0, 0, 0, 0, 0, 0, 0, 0, 0, 0, 0, 0, 0, 0, 0, 0,
  /*a0*/	0, 0, 0, 0, 0, 0, 0, 0, 0, 0, 0, 0, 0, 0, 0, 0,
! /*b0*/	0, 0, 0, 0, 0, 0, 0, 0, 0, 0, 0, 0, 0, 0, 0, 0,
  /*c0*/	1, 1, 1, 1, 1, 1, 1, 1, 1, 1, 1, 1, 1, 1, 1, 1,
! /*d0*/	0, 0, 0, 0, 0, 0, 0, 0, 0, 0, 0, 0, 0, 0, 0, 0,
  /*e0*/	1, 1, 1, 1, 1, 1, 1, 1, 1, 1, 1, 1, 1, 1, 1, 1,
! /*f0*/	0, 0, 0, 0, 0, 0, 0, 0, 0, 0, 0, 0, 0, 0, 0, 0,
  };
  static void
  select_word(baddr, t)
***************
*** 826,831 ****
--- 826,832 ----
  
  	osc_start();	/* prime the onscreen_char() routine */
  
+ #if 0
  	if (!ever_3270) {	/* Continuous selections */
  		for (i = start; i <= end; i++) {
  			SET_SELECT(i);
***************
*** 850,856 ****
  				select_buf[ix++] = '\n';
  			}
  		}
! 	} else {	/* Rectangular selections */
  		if (start_row == end_row) {
  			for (i = start; i <= end; i++) {
  				SET_SELECT(i);
--- 851,859 ----
  				select_buf[ix++] = '\n';
  			}
  		}
! 	} else
! #endif
! 	{	/* Rectangular selections */
  		if (start_row == end_row) {
  			for (i = start; i <= end; i++) {
  				SET_SELECT(i);
