! Russian character set for x3270.

! EBCDIC code page (should be a full CGCSGID, but I can't find one)
*codepage.russian: 880

! Required display character set.
*displayCharset.russian: koi8-r

! Host-to-display character set translations.  Full table.
*charset.russian: #table\n\
      0   1   2   3 158   9 170 127	 \n\
    182  96 147  11  12  13  14  15	 \n\
     16  17  18  19 171 126   8 175	 \n\
     24  25 150 125  28  29  30  31	 \n\
    124 174 129 123 160  10  23  27	 \n\
    172 154 184 173 146   5   6   7	 \n\
    180 181  22 183 155 156 157   4	 \n\
    178 131 169 148  20  21 149  26	 \n\
     32 166 167 128 163 139 140 141	 \n\
    142 143  91  46  60  40  43  33	 \n\
     38 176 177 186 187 188 189 255	 \n\
    191 144  93  36  42  41  59  94	 \n\
     45  47 130 179 132 133 134 135	 \n\
    136 137 145  44  37  95  62  63	 \n\
    151 152 153 162 138 164 192 193	 \n\
    194 168  58  35  64  39  61  34	 \n\
    195  97  98  99 100 101 102 103	 \n\
    104 105 196 197 198 199 200 201	 \n\
    202 106 107 108 109 110 111 112	 \n\
    113 114 203 204 205 206 207 208	 \n\
    209 161 115 116 117 118 119 120	 \n\
    121 122 210 211 212 213 214 215	 \n\
    216 217 218 219 220 221 222 223	 \n\
    224 225 226 227 228 229 230 231	 \n\
    165  65  66  67  68  69  70  71	 \n\
     72  73 232 233 234 235 236 237	 \n\
    159  74  75  76  77  78  79  80	 \n\
     81  82 238 239 240 241 242 243	 \n\
     92 185  83  84  85  86  87  88	 \n\
     89  90 244 245 246 247 248 249	 \n\
     48  49  50  51  52  53  54  55	 \n\
     56  57 250 251 252 253 254 190
